LECROYWaveRunner5u	30005	Waveform
Segments	1	SegmentSize	1327
Segment	TrigTime	TimeSinceSegment1
#1	24-May-2021 12:36:51	0                 
Time	Ampl
-2.47079e-07	-0.00657424
-2.46679e-07	-0.00481665
-2.46279e-07	-0.00481665
-2.45879e-07	-0.00657424
-2.45479e-07	-0.00481665
-2.45079e-07	-0.00481665
-2.44679e-07	-0.00657424
-2.44279e-07	-0.00657424
-2.43879e-07	-0.00657424
-2.43479e-07	-0.00833183
-2.43079e-07	-0.00481665
-2.42679e-07	-0.00481665
-2.42279e-07	-0.00657424
-2.41879e-07	-0.00657424
-2.41479e-07	-0.00481665
-2.41079e-07	-0.00481665
-2.40679e-07	-0.00657424
-2.40279e-07	-0.00481665
-2.39879e-07	-0.00481665
-2.39479e-07	-0.00657424
-2.39079e-07	-0.00833183
-2.38679e-07	-0.00481665
-2.38279e-07	-0.00481665
-2.37879e-07	-0.00657424
-2.37479e-07	-0.00305906
-2.37079e-07	-0.00833183
-2.36679e-07	-0.00657424
-2.36279e-07	-0.00481665
-2.35879e-07	-0.00657424
-2.35479e-07	-0.00305906
-2.35079e-07	-0.00481665
-2.34679e-07	-0.00481665
-2.34279e-07	-0.00481665
-2.33879e-07	-0.00833183
-2.33479e-07	-0.00657424
-2.33079e-07	-0.00657424
-2.32679e-07	-0.00833183
-2.32279e-07	-0.00657424
-2.31879e-07	-0.00657424
-2.31479e-07	-0.00657424
-2.31079e-07	-0.00657424
-2.30679e-07	-0.00481665
-2.30279e-07	-0.00481665
-2.29879e-07	-0.00833183
-2.29479e-07	-0.00481665
-2.29079e-07	-0.00657424
-2.28679e-07	-0.00833183
-2.28279e-07	-0.00657424
-2.27879e-07	-0.00657424
-2.27479e-07	-0.00657424
-2.27079e-07	-0.00481665
-2.26679e-07	-0.00657424
-2.26279e-07	-0.00481665
-2.25879e-07	-0.00657424
-2.25479e-07	-0.00657424
-2.25079e-07	-0.00833183
-2.24679e-07	-0.00481665
-2.24279e-07	-0.00657424
-2.23879e-07	-0.00833183
-2.23479e-07	-0.00657424
-2.23079e-07	-0.00657424
-2.22679e-07	-0.00481665
-2.22279e-07	-0.00657424
-2.21879e-07	-0.00481665
-2.21479e-07	-0.00481665
-2.21079e-07	-0.00481665
-2.20679e-07	-0.00657424
-2.20279e-07	-0.00481665
-2.19879e-07	-0.00481665
-2.19479e-07	-0.00657424
-2.19079e-07	-0.00657424
-2.18679e-07	-0.00481665
-2.18279e-07	-0.00481665
-2.17879e-07	-0.0100894
-2.17479e-07	-0.00833183
-2.17079e-07	-0.00481665
-2.16679e-07	-0.00481665
-2.16279e-07	-0.00657424
-2.15879e-07	-0.00305906
-2.15479e-07	-0.00833183
-2.15079e-07	-0.00481665
-2.14679e-07	-0.00481665
-2.14279e-07	-0.00657424
-2.13879e-07	-0.00657424
-2.13479e-07	-0.00481665
-2.13079e-07	-0.00481665
-2.12679e-07	-0.00657424
-2.12279e-07	-0.00481665
-2.11879e-07	-0.00657424
-2.11479e-07	-0.00657424
-2.11079e-07	-0.00657424
-2.10679e-07	-0.00833183
-2.10279e-07	-0.00481665
-2.09879e-07	-0.00305906
-2.09479e-07	-0.00481665
-2.09079e-07	-0.00481665
-2.08679e-07	-0.00481665
-2.08279e-07	-0.00305906
-2.07879e-07	-0.00833183
-2.07479e-07	-0.00657424
-2.07079e-07	-0.00657424
-2.06679e-07	-0.00481665
-2.06279e-07	-0.00833183
-2.05879e-07	-0.00305906
-2.05479e-07	-0.00305906
-2.05079e-07	-0.00657424
-2.04679e-07	-0.00657424
-2.04279e-07	-0.00481665
-2.03879e-07	-0.00657424
-2.03479e-07	-0.00481665
-2.03079e-07	-0.00481665
-2.02679e-07	-0.00481665
-2.02279e-07	-0.00481665
-2.01879e-07	-0.00833183
-2.01479e-07	-0.00657424
-2.01079e-07	-0.00481665
-2.00679e-07	-0.00833183
-2.00279e-07	-0.00481665
-1.99879e-07	-0.00833183
-1.99479e-07	-0.00833183
-1.99079e-07	-0.00481665
-1.98679e-07	-0.00657424
-1.98279e-07	-0.00657424
-1.97879e-07	-0.00657424
-1.97479e-07	-0.00657424
-1.97079e-07	-0.00657424
-1.96679e-07	-0.00481665
-1.96279e-07	-0.00481665
-1.95879e-07	-0.00481665
-1.95479e-07	-0.00657424
-1.95079e-07	-0.00657424
-1.94679e-07	-0.00657424
-1.94279e-07	-0.00481665
-1.93879e-07	-0.00657424
-1.93479e-07	-0.00657424
-1.93079e-07	-0.00833183
-1.92679e-07	-0.00833183
-1.92279e-07	-0.00833183
-1.91879e-07	-0.00481665
-1.91479e-07	-0.00657424
-1.91079e-07	-0.00833183
-1.90679e-07	-0.00481665
-1.90279e-07	-0.00657424
-1.89879e-07	-0.00657424
-1.89479e-07	-0.00833183
-1.89079e-07	-0.00657424
-1.88679e-07	-0.00657424
-1.88279e-07	-0.00305906
-1.87879e-07	-0.00657424
-1.87479e-07	-0.00305906
-1.87079e-07	-0.00833183
-1.86679e-07	-0.00481665
-1.86279e-07	-0.00657424
-1.85879e-07	-0.00657424
-1.85479e-07	-0.00657424
-1.85079e-07	-0.00833183
-1.84679e-07	-0.00657424
-1.84279e-07	-0.00657424
-1.83879e-07	-0.00657424
-1.83479e-07	-0.00657424
-1.83079e-07	-0.00481665
-1.82679e-07	-0.00481665
-1.82279e-07	-0.00657424
-1.81879e-07	-0.00657424
-1.81479e-07	-0.00657424
-1.81079e-07	-0.00657424
-1.80679e-07	-0.00833183
-1.80279e-07	-0.00657424
-1.79879e-07	-0.00657424
-1.79479e-07	-0.00657424
-1.79079e-07	-0.00657424
-1.78679e-07	-0.00481665
-1.78279e-07	-0.00481665
-1.77879e-07	-0.00833183
-1.77479e-07	-0.00481665
-1.77079e-07	-0.00481665
-1.76679e-07	-0.00657424
-1.76279e-07	-0.00481665
-1.75879e-07	-0.00657424
-1.75479e-07	-0.00657424
-1.75079e-07	-0.00481665
-1.74679e-07	-0.00833183
-1.74279e-07	-0.00481665
-1.73879e-07	-0.00833183
-1.73479e-07	-0.00481665
-1.73079e-07	-0.00657424
-1.72679e-07	-0.00481665
-1.72279e-07	-0.00305906
-1.71879e-07	-0.00657424
-1.71479e-07	-0.00657424
-1.71079e-07	-0.00657424
-1.70679e-07	-0.00657424
-1.70279e-07	-0.00657424
-1.69879e-07	-0.00481665
-1.69479e-07	-0.00833183
-1.69079e-07	-0.00657424
-1.68679e-07	-0.00481665
-1.68279e-07	-0.00481665
-1.67879e-07	-0.00833183
-1.67479e-07	-0.00657424
-1.67079e-07	-0.00657424
-1.66679e-07	-0.00657424
-1.66279e-07	-0.00657424
-1.65879e-07	-0.00657424
-1.65479e-07	-0.00481665
-1.65079e-07	-0.00481665
-1.64679e-07	-0.00481665
-1.64279e-07	-0.00481665
-1.63879e-07	-0.00833183
-1.63479e-07	-0.00657424
-1.63079e-07	-0.00657424
-1.62679e-07	-0.00481665
-1.62279e-07	-0.00657424
-1.61879e-07	-0.00481665
-1.61479e-07	-0.00657424
-1.61079e-07	-0.00833183
-1.60679e-07	-0.00657424
-1.60279e-07	-0.00833183
-1.59879e-07	-0.00657424
-1.59479e-07	-0.00481665
-1.59079e-07	-0.00657424
-1.58679e-07	-0.00481665
-1.58279e-07	-0.00657424
-1.57879e-07	-0.00833183
-1.57479e-07	-0.00481665
-1.57079e-07	-0.00305906
-1.56679e-07	-0.00657424
-1.56279e-07	-0.00657424
-1.55879e-07	-0.00657424
-1.55479e-07	-0.00481665
-1.55079e-07	-0.00657424
-1.54679e-07	-0.00481665
-1.54279e-07	-0.00833183
-1.53879e-07	-0.00657424
-1.53479e-07	-0.00657424
-1.53079e-07	-0.00481665
-1.52679e-07	-0.00481665
-1.52279e-07	-0.00481665
-1.51879e-07	-0.00657424
-1.51479e-07	-0.00481665
-1.51079e-07	-0.00657424
-1.50679e-07	-0.00481665
-1.50279e-07	-0.00481665
-1.49879e-07	-0.00481665
-1.49479e-07	-0.00481665
-1.49079e-07	-0.00657424
-1.48679e-07	-0.00833183
-1.48279e-07	-0.00657424
-1.47879e-07	-0.00833183
-1.47479e-07	-0.00833183
-1.47079e-07	-0.00833183
-1.46679e-07	-0.00657424
-1.46279e-07	-0.00481665
-1.45879e-07	-0.00657424
-1.45479e-07	-0.00657424
-1.45079e-07	-0.00657424
-1.44679e-07	-0.00481665
-1.44279e-07	-0.00481665
-1.43879e-07	-0.00657424
-1.43479e-07	-0.00657424
-1.43079e-07	-0.00481665
-1.42679e-07	-0.00833183
-1.42279e-07	-0.00657424
-1.41879e-07	-0.00481665
-1.41479e-07	-0.00481665
-1.41079e-07	-0.00481665
-1.40679e-07	-0.00657424
-1.40279e-07	-0.00657424
-1.39879e-07	-0.00481665
-1.39479e-07	-0.00657424
-1.39079e-07	-0.00481665
-1.38679e-07	-0.00833183
-1.38279e-07	-0.00657424
-1.37879e-07	-0.00657424
-1.37479e-07	-0.00833183
-1.37079e-07	-0.00657424
-1.36679e-07	-0.00481665
-1.36279e-07	-0.00657424
-1.35879e-07	-0.00657424
-1.35479e-07	-0.00657424
-1.35079e-07	-0.00481665
-1.34679e-07	-0.00481665
-1.34279e-07	-0.00657424
-1.33879e-07	-0.00657424
-1.33479e-07	-0.00657424
-1.33079e-07	-0.00657424
-1.32679e-07	-0.00481665
-1.32279e-07	-0.00305906
-1.31879e-07	-0.00481665
-1.31479e-07	-0.00481665
-1.31079e-07	-0.00657424
-1.30679e-07	-0.00481665
-1.30279e-07	-0.00481665
-1.29879e-07	-0.00657424
-1.29479e-07	-0.00481665
-1.29079e-07	-0.00657424
-1.28679e-07	-0.00305906
-1.28279e-07	-0.00657424
-1.27879e-07	-0.00481665
-1.27479e-07	-0.00481665
-1.27079e-07	-0.00833183
-1.26679e-07	-0.00657424
-1.26279e-07	-0.00305906
-1.25879e-07	-0.00657424
-1.25479e-07	-0.00657424
-1.25079e-07	-0.00657424
-1.24679e-07	-0.00833183
-1.24279e-07	-0.00657424
-1.23879e-07	-0.00481665
-1.23479e-07	-0.00657424
-1.23079e-07	-0.00833183
-1.22679e-07	-0.00657424
-1.22279e-07	-0.00657424
-1.21879e-07	-0.00481665
-1.21479e-07	-0.00657424
-1.21079e-07	-0.00481665
-1.20679e-07	-0.00481665
-1.20279e-07	-0.00657424
-1.19879e-07	-0.00657424
-1.19479e-07	-0.00657424
-1.19079e-07	-0.00657424
-1.18679e-07	-0.00481665
-1.18279e-07	-0.00305906
-1.17879e-07	-0.00833183
-1.17479e-07	-0.00481665
-1.17079e-07	-0.00657424
-1.16679e-07	-0.00657424
-1.16279e-07	-0.00657424
-1.15879e-07	-0.00481665
-1.15479e-07	-0.00481665
-1.15079e-07	-0.00481665
-1.14679e-07	-0.00481665
-1.14279e-07	-0.00657424
-1.13879e-07	-0.00481665
-1.13479e-07	-0.00657424
-1.13079e-07	-0.00481665
-1.12679e-07	-0.00657424
-1.12279e-07	-0.00657424
-1.11879e-07	-0.00657424
-1.11479e-07	-0.00657424
-1.11079e-07	-0.00481665
-1.10679e-07	-0.00657424
-1.10279e-07	-0.00657424
-1.09879e-07	-0.00657424
-1.09479e-07	-0.00657424
-1.09079e-07	-0.00481665
-1.08679e-07	-0.00657424
-1.08279e-07	-0.00657424
-1.07879e-07	-0.00833183
-1.07479e-07	-0.00657424
-1.07079e-07	-0.00657424
-1.06679e-07	-0.00305906
-1.06279e-07	-0.00481665
-1.05879e-07	-0.00481665
-1.05479e-07	-0.00833183
-1.05079e-07	-0.00657424
-1.04679e-07	-0.00481665
-1.04279e-07	-0.00833183
-1.03879e-07	-0.00481665
-1.03479e-07	-0.00657424
-1.03079e-07	-0.00833183
-1.02679e-07	-0.00481665
-1.02279e-07	-0.00481665
-1.01879e-07	-0.00657424
-1.01479e-07	-0.00657424
-1.01079e-07	-0.00657424
-1.00679e-07	-0.00657424
-1.00279e-07	-0.00657424
-9.9879e-08	-0.00481665
-9.9479e-08	-0.00481665
-9.9079e-08	-0.00833183
-9.8679e-08	-0.00657424
-9.8279e-08	-0.00481665
-9.7879e-08	-0.00657424
-9.7479e-08	-0.00657424
-9.7079e-08	-0.00657424
-9.6679e-08	-0.00657424
-9.6279e-08	-0.00481665
-9.5879e-08	-0.00657424
-9.5479e-08	-0.00481665
-9.5079e-08	-0.00657424
-9.4679e-08	-0.00657424
-9.4279e-08	-0.00657424
-9.3879e-08	-0.00481665
-9.3479e-08	-0.00657424
-9.3079e-08	-0.00657424
-9.2679e-08	-0.00657424
-9.2279e-08	-0.00481665
-9.1879e-08	-0.00657424
-9.1479e-08	-0.00481665
-9.1079e-08	-0.00657424
-9.0679e-08	-0.00481665
-9.0279e-08	-0.00833183
-8.9879e-08	-0.00657424
-8.9479e-08	-0.00657424
-8.9079e-08	-0.00657424
-8.8679e-08	-0.00657424
-8.8279e-08	-0.00657424
-8.7879e-08	-0.00833183
-8.7479e-08	-0.00481665
-8.7079e-08	-0.00481665
-8.6679e-08	-0.00481665
-8.6279e-08	-0.00481665
-8.5879e-08	-0.00481665
-8.5479e-08	-0.00481665
-8.5079e-08	-0.00833183
-8.4679e-08	-0.00833183
-8.4279e-08	-0.00657424
-8.3879e-08	-0.0100894
-8.3479e-08	-0.00833183
-8.3079e-08	-0.00833183
-8.2679e-08	-0.00657424
-8.2279e-08	-0.00481665
-8.1879e-08	-0.00657424
-8.1479e-08	-0.00657424
-8.1079e-08	-0.00481665
-8.0679e-08	-0.00481665
-8.0279e-08	-0.00657424
-7.9879e-08	-0.00657424
-7.9479e-08	-0.00481665
-7.9079e-08	-0.00657424
-7.8679e-08	-0.00481665
-7.8279e-08	-0.00481665
-7.7879e-08	-0.00657424
-7.7479e-08	-0.00481665
-7.7079e-08	-0.00481665
-7.6679e-08	-0.00657424
-7.6279e-08	-0.00657424
-7.5879e-08	-0.00833183
-7.5479e-08	-0.00481665
-7.5079e-08	-0.00657424
-7.4679e-08	-0.00657424
-7.4279e-08	-0.00657424
-7.3879e-08	-0.00481665
-7.3479e-08	-0.00657424
-7.3079e-08	-0.00657424
-7.2679e-08	-0.00481665
-7.2279e-08	-0.00481665
-7.1879e-08	-0.00481665
-7.1479e-08	-0.00657424
-7.1079e-08	-0.0100894
-7.0679e-08	-0.00481665
-7.0279e-08	-0.00833183
-6.9879e-08	-0.00833183
-6.9479e-08	-0.00657424
-6.9079e-08	-0.00481665
-6.8679e-08	-0.00657424
-6.8279e-08	-0.00833183
-6.7879e-08	-0.00657424
-6.7479e-08	-0.00481665
-6.7079e-08	-0.00657424
-6.6679e-08	-0.00481665
-6.6279e-08	-0.00657424
-6.5879e-08	-0.00657424
-6.5479e-08	-0.00833183
-6.5079e-08	-0.00657424
-6.4679e-08	-0.00833183
-6.4279e-08	-0.00481665
-6.3879e-08	-0.00657424
-6.3479e-08	-0.00481665
-6.3079e-08	-0.00833183
-6.2679e-08	-0.00481665
-6.2279e-08	-0.00657424
-6.1879e-08	-0.00481665
-6.1479e-08	-0.00481665
-6.1079e-08	-0.00657424
-6.0679e-08	-0.0100894
-6.0279e-08	-0.00657424
-5.9879e-08	-0.00833183
-5.9479e-08	-0.00833183
-5.9079e-08	-0.00657424
-5.8679e-08	-0.00657424
-5.8279e-08	-0.00481665
-5.7879e-08	-0.00657424
-5.7479e-08	-0.00657424
-5.7079e-08	-0.00657424
-5.6679e-08	-0.00657424
-5.6279e-08	-0.00481665
-5.5879e-08	-0.00481665
-5.5479e-08	-0.00481665
-5.5079e-08	-0.00833183
-5.4679e-08	-0.00657424
-5.4279e-08	-0.00657424
-5.3879e-08	-0.00657424
-5.3479e-08	-0.00481665
-5.3079e-08	-0.00481665
-5.2679e-08	-0.00657424
-5.2279e-08	-0.00657424
-5.1879e-08	-0.00481665
-5.1479e-08	-0.00657424
-5.1079e-08	-0.00481665
-5.0679e-08	-0.00481665
-5.0279e-08	-0.00657424
-4.9879e-08	-0.00657424
-4.9479e-08	-0.00833183
-4.9079e-08	-0.00657424
-4.8679e-08	-0.00481665
-4.8279e-08	-0.00481665
-4.7879e-08	-0.00833183
-4.7479e-08	-0.00657424
-4.7079e-08	-0.00657424
-4.6679e-08	-0.00481665
-4.6279e-08	-0.00657424
-4.5879e-08	-0.00481665
-4.5479e-08	-0.00481665
-4.5079e-08	-0.00657424
-4.4679e-08	-0.00833183
-4.4279e-08	-0.00481665
-4.3879e-08	-0.00481665
-4.3479e-08	-0.00481665
-4.3079e-08	-0.00657424
-4.2679e-08	-0.00657424
-4.2279e-08	-0.00481665
-4.1879e-08	-0.00481665
-4.1479e-08	-0.00481665
-4.1079e-08	-0.00657424
-4.0679e-08	-0.00833183
-4.0279e-08	-0.00481665
-3.9879e-08	-0.00833183
-3.9479e-08	-0.00481665
-3.9079e-08	-0.00657424
-3.8679e-08	-0.00481665
-3.8279e-08	-0.00657424
-3.7879e-08	-0.00657424
-3.7479e-08	-0.00657424
-3.7079e-08	-0.00657424
-3.6679e-08	-0.00481665
-3.6279e-08	-0.00481665
-3.5879e-08	-0.00481665
-3.5479e-08	-0.00657424
-3.5079e-08	-0.00305906
-3.4679e-08	-0.00481665
-3.4279e-08	-0.00481665
-3.3879e-08	-0.00657424
-3.3479e-08	-0.00657424
-3.3079e-08	-0.00305906
-3.2679e-08	-0.00481665
-3.2279e-08	-0.00481665
-3.1879e-08	-0.00657424
-3.1479e-08	-0.00657424
-3.1079e-08	-0.00657424
-3.0679e-08	-0.00657424
-3.0279e-08	-0.00657424
-2.9879e-08	-0.00657424
-2.9479e-08	-0.00481665
-2.9079e-08	-0.00481665
-2.8679e-08	-0.00657424
-2.8279e-08	-0.00657424
-2.7879e-08	-0.00657424
-2.7479e-08	-0.00657424
-2.7079e-08	-0.00657424
-2.6679e-08	-0.00833183
-2.6279e-08	-0.00657424
-2.5879e-08	-0.00481665
-2.5479e-08	-0.00833183
-2.5079e-08	-0.00481665
-2.4679e-08	-0.00481665
-2.4279e-08	-0.00657424
-2.3879e-08	-0.00657424
-2.3479e-08	-0.00657424
-2.3079e-08	-0.00657424
-2.2679e-08	-0.00481665
-2.2279e-08	-0.00657424
-2.1879e-08	-0.00657424
-2.1479e-08	-0.00481665
-2.1079e-08	-0.00657424
-2.0679e-08	-0.00481665
-2.0279e-08	-0.00657424
-1.9879e-08	-0.00481665
-1.9479e-08	-0.00657424
-1.9079e-08	-0.00657424
-1.8679e-08	-0.00657424
-1.8279e-08	-0.00833183
-1.7879e-08	-0.00657424
-1.7479e-08	-0.00833183
-1.7079e-08	-0.00481665
-1.6679e-08	-0.00657424
-1.6279e-08	-0.00657424
-1.5879e-08	-0.0100894
-1.5479e-08	-0.0100894
-1.5079e-08	-0.00833183
-1.4679e-08	-0.00657424
-1.4279e-08	-0.00833183
-1.3879e-08	-0.00657424
-1.3479e-08	-0.00481665
-1.3079e-08	-0.00833183
-1.2679e-08	-0.00305906
-1.2279e-08	-0.00833183
-1.1879e-08	-0.00833183
-1.1479e-08	-0.00481665
-1.1079e-08	-0.00657424
-1.0679e-08	-0.00657424
-1.0279e-08	-0.00833183
-9.87897e-09	-0.00657424
-9.47897e-09	-0.00657424
-9.07897e-09	-0.00657424
-8.67897e-09	-0.00657424
-8.27897e-09	-0.00657424
-7.87897e-09	-0.00481665
-7.47897e-09	-0.00657424
-7.07897e-09	-0.00481665
-6.67897e-09	-0.00657424
-6.27897e-09	-0.00657424
-5.87897e-09	-0.00657424
-5.47897e-09	-0.00481665
-5.07897e-09	-0.00657424
-4.67897e-09	-0.00833183
-4.27897e-09	-0.00481665
-3.87897e-09	-0.00657424
-3.47897e-09	-0.00481665
-3.07897e-09	-0.011847
-2.67897e-09	-0.0188774
-2.27897e-09	-0.0223926
-1.87897e-09	-0.020635
-1.47897e-09	-0.0171198
-1.07897e-09	-0.0382109
-6.78967e-10	-0.0610596
-2.78967e-10	-0.0716052
1.21033e-10	-0.0891811
5.21033e-10	-0.0733628
9.21033e-10	-0.0557868
1.32103e-09	-0.0434837
1.72103e-09	-0.0399685
2.12103e-09	-0.0575444
2.52103e-09	-0.0557868
2.92103e-09	-0.0469989
3.32103e-09	-0.0346957
3.72103e-09	-0.0311805
4.12103e-09	-0.0434837
4.52103e-09	-0.0452413
4.92103e-09	-0.0311805
5.32103e-09	-0.0259078
5.72103e-09	-0.0311805
6.12103e-09	-0.0294229
6.52103e-09	-0.0276654
6.92103e-09	-0.0241502
7.32103e-09	-0.0259078
7.72103e-09	-0.0346957
8.12103e-09	-0.0399685
8.52103e-09	-0.0452413
8.92103e-09	-0.0434837
9.32103e-09	-0.0329381
9.72103e-09	-0.0259078
1.0121e-08	-0.0294229
1.0521e-08	-0.0241502
1.0921e-08	-0.0136046
1.1321e-08	-0.0136046
1.1721e-08	-0.0223926
1.2121e-08	-0.0294229
1.2521e-08	-0.0276654
1.2921e-08	-0.0153622
1.3321e-08	-0.0136046
1.3721e-08	-0.0294229
1.4121e-08	-0.0188774
1.4521e-08	-0.00833183
1.4921e-08	-0.0100894
1.5321e-08	-0.0100894
1.5721e-08	-0.0100894
1.6121e-08	-0.011847
1.6521e-08	-0.00833183
1.6921e-08	-0.011847
1.7321e-08	-0.0171198
1.7721e-08	-0.0294229
1.8121e-08	-0.0329381
1.8521e-08	-0.020635
1.8921e-08	-0.00657424
1.9321e-08	-0.0136046
1.9721e-08	-0.0241502
2.0121e-08	-0.0259078
2.0521e-08	-0.020635
2.0921e-08	-0.0100894
2.1321e-08	-0.00833183
2.1721e-08	-0.011847
2.2121e-08	-0.00657424
2.2521e-08	-0.00657424
2.2921e-08	-0.00833183
2.3321e-08	-0.0100894
2.3721e-08	-0.011847
2.4121e-08	-0.0136046
2.4521e-08	-0.0100894
2.4921e-08	-0.00657424
2.5321e-08	-0.00657424
2.5721e-08	-0.00833183
2.6121e-08	-0.00833183
2.6521e-08	-0.00657424
2.6921e-08	-0.00657424
2.7321e-08	-0.00481665
2.7721e-08	-0.00833183
2.8121e-08	-0.011847
2.8521e-08	-0.0153622
2.8921e-08	-0.00833183
2.9321e-08	-0.0100894
2.9721e-08	-0.0153622
3.0121e-08	-0.0136046
3.0521e-08	-0.00657424
3.0921e-08	-0.00657424
3.1321e-08	-0.00833183
3.1721e-08	-0.00657424
3.2121e-08	-0.00657424
3.2521e-08	-0.00657424
3.2921e-08	-0.00657424
3.3321e-08	-0.00833183
3.3721e-08	-0.00657424
3.4121e-08	-0.00657424
3.4521e-08	-0.00481665
3.4921e-08	-0.00657424
3.5321e-08	-0.00657424
3.5721e-08	-0.00481665
3.6121e-08	-0.00481665
3.6521e-08	-0.00481665
3.6921e-08	-0.00833183
3.7321e-08	-0.00833183
3.7721e-08	-0.00657424
3.8121e-08	-0.00657424
3.8521e-08	-0.00833183
3.8921e-08	-0.00833183
3.9321e-08	-0.00481665
3.9721e-08	-0.00833183
4.0121e-08	-0.00657424
4.0521e-08	-0.00657424
4.0921e-08	-0.00657424
4.1321e-08	-0.00657424
4.1721e-08	-0.00481665
4.2121e-08	-0.00657424
4.2521e-08	-0.00657424
4.2921e-08	-0.00657424
4.3321e-08	-0.00481665
4.3721e-08	-0.0100894
4.4121e-08	-0.00657424
4.4521e-08	-0.00657424
4.4921e-08	-0.00833183
4.5321e-08	-0.00657424
4.5721e-08	-0.00657424
4.6121e-08	-0.00657424
4.6521e-08	-0.00657424
4.6921e-08	-0.00657424
4.7321e-08	-0.00657424
4.7721e-08	-0.00657424
4.8121e-08	-0.00833183
4.8521e-08	-0.00657424
4.8921e-08	-0.00657424
4.9321e-08	-0.00481665
4.9721e-08	-0.00833183
5.0121e-08	-0.00657424
5.0521e-08	-0.00657424
5.0921e-08	-0.00481665
5.1321e-08	-0.00657424
5.1721e-08	-0.00657424
5.2121e-08	-0.00481665
5.2521e-08	-0.00657424
5.2921e-08	-0.00481665
5.3321e-08	-0.00481665
5.3721e-08	-0.00481665
5.4121e-08	-0.00833183
5.4521e-08	-0.00481665
5.4921e-08	-0.00481665
5.5321e-08	-0.00657424
5.5721e-08	-0.00657424
5.6121e-08	-0.00833183
5.6521e-08	-0.00481665
5.6921e-08	-0.00305906
5.7321e-08	-0.00481665
5.7721e-08	-0.00657424
5.8121e-08	-0.00833183
5.8521e-08	-0.00481665
5.8921e-08	-0.00657424
5.9321e-08	-0.00657424
5.9721e-08	-0.00657424
6.0121e-08	-0.00833183
6.0521e-08	-0.00481665
6.0921e-08	-0.00833183
6.1321e-08	-0.00657424
6.1721e-08	-0.00657424
6.2121e-08	-0.00481665
6.2521e-08	-0.0100894
6.2921e-08	-0.00657424
6.3321e-08	-0.00657424
6.3721e-08	-0.00657424
6.4121e-08	-0.00657424
6.4521e-08	-0.00481665
6.4921e-08	-0.00833183
6.5321e-08	-0.00657424
6.5721e-08	-0.00657424
6.6121e-08	-0.00481665
6.6521e-08	-0.00657424
6.6921e-08	-0.00481665
6.7321e-08	-0.00657424
6.7721e-08	-0.00481665
6.8121e-08	-0.00657424
6.8521e-08	-0.00481665
6.8921e-08	-0.00657424
6.9321e-08	-0.00481665
6.9721e-08	-0.00481665
7.0121e-08	-0.00481665
7.0521e-08	-0.00657424
7.0921e-08	-0.00833183
7.1321e-08	-0.00657424
7.1721e-08	-0.00657424
7.2121e-08	-0.00657424
7.2521e-08	-0.00657424
7.2921e-08	-0.00481665
7.3321e-08	-0.00657424
7.3721e-08	-0.00481665
7.4121e-08	-0.00657424
7.4521e-08	-0.00657424
7.4921e-08	-0.00657424
7.5321e-08	-0.00833183
7.5721e-08	-0.00657424
7.6121e-08	-0.00657424
7.6521e-08	-0.00657424
7.6921e-08	-0.00833183
7.7321e-08	-0.0100894
7.7721e-08	-0.00833183
7.8121e-08	-0.00657424
7.8521e-08	-0.00833183
7.8921e-08	-0.00833183
7.9321e-08	-0.00657424
7.9721e-08	-0.00481665
8.0121e-08	-0.00833183
8.0521e-08	-0.00481665
8.0921e-08	-0.00657424
8.1321e-08	-0.00657424
8.1721e-08	-0.011847
8.2121e-08	-0.011847
8.2521e-08	-0.00833183
8.2921e-08	-0.00657424
8.3321e-08	-0.00481665
8.3721e-08	-0.00833183
8.4121e-08	-0.00657424
8.4521e-08	-0.00833183
8.4921e-08	-0.00657424
8.5321e-08	-0.00481665
8.5721e-08	-0.00481665
8.6121e-08	-0.00657424
8.6521e-08	-0.00481665
8.6921e-08	-0.00833183
8.7321e-08	-0.00833183
8.7721e-08	-0.0100894
8.8121e-08	-0.0100894
8.8521e-08	-0.011847
8.8921e-08	-0.0100894
8.9321e-08	-0.00833183
8.9721e-08	-0.00657424
9.0121e-08	-0.00833183
9.0521e-08	-0.00657424
9.0921e-08	-0.00481665
9.1321e-08	-0.00657424
9.1721e-08	-0.00657424
9.2121e-08	-0.00657424
9.2521e-08	-0.00657424
9.2921e-08	-0.00657424
9.3321e-08	-0.00657424
9.3721e-08	-0.00657424
9.4121e-08	-0.00481665
9.4521e-08	-0.00657424
9.4921e-08	-0.00481665
9.5321e-08	-0.00657424
9.5721e-08	-0.00481665
9.6121e-08	-0.00657424
9.6521e-08	-0.00481665
9.6921e-08	-0.00481665
9.7321e-08	-0.00481665
9.7721e-08	-0.00657424
9.8121e-08	-0.00657424
9.8521e-08	-0.00481665
9.8921e-08	-0.00481665
9.9321e-08	-0.00657424
9.9721e-08	-0.00657424
1.00121e-07	-0.00481665
1.00521e-07	-0.00481665
1.00921e-07	-0.00657424
1.01321e-07	-0.00657424
1.01721e-07	-0.00657424
1.02121e-07	-0.00481665
1.02521e-07	-0.0100894
1.02921e-07	-0.00657424
1.03321e-07	-0.00481665
1.03721e-07	-0.00481665
1.04121e-07	-0.00833183
1.04521e-07	-0.00833183
1.04921e-07	-0.00481665
1.05321e-07	-0.00657424
1.05721e-07	-0.00657424
1.06121e-07	-0.00657424
1.06521e-07	-0.00481665
1.06921e-07	-0.00657424
1.07321e-07	-0.00657424
1.07721e-07	-0.00833183
1.08121e-07	-0.00481665
1.08521e-07	-0.00657424
1.08921e-07	-0.00481665
1.09321e-07	-0.00833183
1.09721e-07	-0.00833183
1.10121e-07	-0.00657424
1.10521e-07	-0.00833183
1.10921e-07	-0.0100894
1.11321e-07	-0.00833183
1.11721e-07	-0.00657424
1.12121e-07	-0.00657424
1.12521e-07	-0.00657424
1.12921e-07	-0.00481665
1.13321e-07	-0.00657424
1.13721e-07	-0.00833183
1.14121e-07	-0.00657424
1.14521e-07	-0.00657424
1.14921e-07	-0.00481665
1.15321e-07	-0.00833183
1.15721e-07	-0.00833183
1.16121e-07	-0.00481665
1.16521e-07	-0.00657424
1.16921e-07	-0.00657424
1.17321e-07	-0.00833183
1.17721e-07	-0.00481665
1.18121e-07	-0.00657424
1.18521e-07	-0.00481665
1.18921e-07	-0.00657424
1.19321e-07	-0.00481665
1.19721e-07	-0.00481665
1.20121e-07	-0.0100894
1.20521e-07	-0.0100894
1.20921e-07	-0.00833183
1.21321e-07	-0.00481665
1.21721e-07	-0.00657424
1.22121e-07	-0.00657424
1.22521e-07	-0.00657424
1.22921e-07	-0.00657424
1.23321e-07	-0.00657424
1.23721e-07	-0.00833183
1.24121e-07	-0.00657424
1.24521e-07	-0.00657424
1.24921e-07	-0.00657424
1.25321e-07	-0.00657424
1.25721e-07	-0.00481665
1.26121e-07	-0.00481665
1.26521e-07	-0.00833183
1.26921e-07	-0.00833183
1.27321e-07	-0.00657424
1.27721e-07	-0.00657424
1.28121e-07	-0.00657424
1.28521e-07	-0.00481665
1.28921e-07	-0.00657424
1.29321e-07	-0.00481665
1.29721e-07	-0.00657424
1.30121e-07	-0.00481665
1.30521e-07	-0.00481665
1.30921e-07	-0.00833183
1.31321e-07	-0.00657424
1.31721e-07	-0.00657424
1.32121e-07	-0.00833183
1.32521e-07	-0.00481665
1.32921e-07	-0.00481665
1.33321e-07	-0.00833183
1.33721e-07	-0.00657424
1.34121e-07	-0.00657424
1.34521e-07	-0.00481665
1.34921e-07	-0.00833183
1.35321e-07	-0.00481665
1.35721e-07	-0.00305906
1.36121e-07	-0.00833183
1.36521e-07	-0.00657424
1.36921e-07	-0.00657424
1.37321e-07	-0.00657424
1.37721e-07	-0.00657424
1.38121e-07	-0.00481665
1.38521e-07	-0.00481665
1.38921e-07	-0.00481665
1.39321e-07	-0.00657424
1.39721e-07	-0.00481665
1.40121e-07	-0.00833183
1.40521e-07	-0.00833183
1.40921e-07	-0.00481665
1.41321e-07	-0.00481665
1.41721e-07	-0.00481665
1.42121e-07	-0.00481665
1.42521e-07	-0.0100894
1.42921e-07	-0.00833183
1.43321e-07	-0.00481665
1.43721e-07	-0.00833183
1.44121e-07	-0.00481665
1.44521e-07	-0.0100894
1.44921e-07	-0.00833183
1.45321e-07	-0.00657424
1.45721e-07	-0.00657424
1.46121e-07	-0.00657424
1.46521e-07	-0.00833183
1.46921e-07	-0.00481665
1.47321e-07	-0.00833183
1.47721e-07	-0.00657424
1.48121e-07	-0.00481665
1.48521e-07	-0.00657424
1.48921e-07	-0.00833183
1.49321e-07	-0.00833183
1.49721e-07	-0.00657424
1.50121e-07	-0.00481665
1.50521e-07	-0.00833183
1.50921e-07	-0.00833183
1.51321e-07	-0.00657424
1.51721e-07	-0.00481665
1.52121e-07	-0.00481665
1.52521e-07	-0.00481665
1.52921e-07	-0.00657424
1.53321e-07	-0.00481665
1.53721e-07	-0.00481665
1.54121e-07	-0.00657424
1.54521e-07	-0.00657424
1.54921e-07	-0.00657424
1.55321e-07	-0.00833183
1.55721e-07	-0.00657424
1.56121e-07	-0.00481665
1.56521e-07	-0.00657424
1.56921e-07	-0.00657424
1.57321e-07	-0.00481665
1.57721e-07	-0.00657424
1.58121e-07	-0.00657424
1.58521e-07	-0.00481665
1.58921e-07	-0.00481665
1.59321e-07	-0.00657424
1.59721e-07	-0.00657424
1.60121e-07	-0.00657424
1.60521e-07	-0.00657424
1.60921e-07	-0.00481665
1.61321e-07	-0.00833183
1.61721e-07	-0.00657424
1.62121e-07	-0.00833183
1.62521e-07	-0.00481665
1.62921e-07	-0.00481665
1.63321e-07	-0.00657424
1.63721e-07	-0.00481665
1.64121e-07	-0.00657424
1.64521e-07	-0.00657424
1.64921e-07	-0.00833183
1.65321e-07	-0.00657424
1.65721e-07	-0.00833183
1.66121e-07	-0.00481665
1.66521e-07	-0.00833183
1.66921e-07	-0.00657424
1.67321e-07	-0.00657424
1.67721e-07	-0.00481665
1.68121e-07	-0.00657424
1.68521e-07	-0.00657424
1.68921e-07	-0.00657424
1.69321e-07	-0.00657424
1.69721e-07	-0.00657424
1.70121e-07	-0.00833183
1.70521e-07	-0.00657424
1.70921e-07	-0.00833183
1.71321e-07	-0.00657424
1.71721e-07	-0.00657424
1.72121e-07	-0.00657424
1.72521e-07	-0.00657424
1.72921e-07	-0.00657424
1.73321e-07	-0.00833183
1.73721e-07	-0.00657424
1.74121e-07	-0.00657424
1.74521e-07	-0.00481665
1.74921e-07	-0.00657424
1.75321e-07	-0.00481665
1.75721e-07	-0.00481665
1.76121e-07	-0.00833183
1.76521e-07	-0.00833183
1.76921e-07	-0.00657424
1.77321e-07	-0.00833183
1.77721e-07	-0.00833183
1.78121e-07	-0.00657424
1.78521e-07	-0.00481665
1.78921e-07	-0.00481665
1.79321e-07	-0.00833183
1.79721e-07	-0.00657424
1.80121e-07	-0.00657424
1.80521e-07	-0.00833183
1.80921e-07	-0.00657424
1.81321e-07	-0.00657424
1.81721e-07	-0.00481665
1.82121e-07	-0.00833183
1.82521e-07	-0.00833183
1.82921e-07	-0.00481665
1.83321e-07	-0.00657424
1.83721e-07	-0.00481665
1.84121e-07	-0.00657424
1.84521e-07	-0.00657424
1.84921e-07	-0.00481665
1.85321e-07	-0.00305906
1.85721e-07	-0.00657424
1.86121e-07	-0.00833183
1.86521e-07	-0.00833183
1.86921e-07	-0.00657424
1.87321e-07	-0.00481665
1.87721e-07	-0.00657424
1.88121e-07	-0.00481665
1.88521e-07	-0.00657424
1.88921e-07	-0.00481665
1.89321e-07	-0.00657424
1.89721e-07	-0.00657424
1.90121e-07	-0.00833183
1.90521e-07	-0.00657424
1.90921e-07	-0.00833183
1.91321e-07	-0.00657424
1.91721e-07	-0.00481665
1.92121e-07	-0.00657424
1.92521e-07	-0.00657424
1.92921e-07	-0.00657424
1.93321e-07	-0.00481665
1.93721e-07	-0.00481665
1.94121e-07	-0.00657424
1.94521e-07	-0.00481665
1.94921e-07	-0.00657424
1.95321e-07	-0.00657424
1.95721e-07	-0.00833183
1.96121e-07	-0.00481665
1.96521e-07	-0.00305906
1.96921e-07	-0.00481665
1.97321e-07	-0.00657424
1.97721e-07	-0.00657424
1.98121e-07	-0.00657424
1.98521e-07	-0.00481665
1.98921e-07	-0.00657424
1.99321e-07	-0.00657424
1.99721e-07	-0.00657424
2.00121e-07	-0.00657424
2.00521e-07	-0.00657424
2.00921e-07	-0.00657424
2.01321e-07	-0.00657424
2.01721e-07	-0.00657424
2.02121e-07	-0.00657424
2.02521e-07	-0.00305906
2.02921e-07	-0.00657424
2.03321e-07	-0.00833183
2.03721e-07	-0.00657424
2.04121e-07	-0.00833183
2.04521e-07	-0.00833183
2.04921e-07	-0.00833183
2.05321e-07	-0.00481665
2.05721e-07	-0.00657424
2.06121e-07	-0.00657424
2.06521e-07	-0.00657424
2.06921e-07	-0.00833183
2.07321e-07	-0.00657424
2.07721e-07	-0.00657424
2.08121e-07	-0.00657424
2.08521e-07	-0.00833183
2.08921e-07	-0.00481665
2.09321e-07	-0.00657424
2.09721e-07	-0.00657424
2.10121e-07	-0.00657424
2.10521e-07	-0.00657424
2.10921e-07	-0.00657424
2.11321e-07	-0.00833183
2.11721e-07	-0.00481665
2.12121e-07	-0.00481665
2.12521e-07	-0.00833183
2.12921e-07	-0.00657424
2.13321e-07	-0.00481665
2.13721e-07	-0.00657424
2.14121e-07	-0.00657424
2.14521e-07	-0.00481665
2.14921e-07	-0.00481665
2.15321e-07	-0.00657424
2.15721e-07	-0.00833183
2.16121e-07	-0.00481665
2.16521e-07	-0.00657424
2.16921e-07	-0.00481665
2.17321e-07	-0.00833183
2.17721e-07	-0.00481665
2.18121e-07	-0.00657424
2.18521e-07	-0.00481665
2.18921e-07	-0.00833183
2.19321e-07	-0.00657424
2.19721e-07	-0.00833183
2.20121e-07	-0.00657424
2.20521e-07	-0.00481665
2.20921e-07	-0.00833183
2.21321e-07	-0.00657424
2.21721e-07	-0.00481665
2.22121e-07	-0.00833183
2.22521e-07	-0.00657424
2.22921e-07	-0.00657424
2.23321e-07	-0.00481665
2.23721e-07	-0.00481665
2.24121e-07	-0.00833183
2.24521e-07	-0.00481665
2.24921e-07	-0.00481665
2.25321e-07	-0.00657424
2.25721e-07	-0.00657424
2.26121e-07	-0.00657424
2.26521e-07	-0.00657424
2.26921e-07	-0.00481665
2.27321e-07	-0.00657424
2.27721e-07	-0.00657424
2.28121e-07	-0.00481665
2.28521e-07	-0.00833183
2.28921e-07	-0.00481665
2.29321e-07	-0.00657424
2.29721e-07	-0.00657424
2.30121e-07	-0.00657424
2.30521e-07	-0.00657424
2.30921e-07	-0.00833183
2.31321e-07	-0.00481665
2.31721e-07	-0.00481665
2.32121e-07	-0.00481665
2.32521e-07	-0.00305906
2.32921e-07	-0.00657424
2.33321e-07	-0.00481665
2.33721e-07	-0.00657424
2.34121e-07	-0.00657424
2.34521e-07	-0.00305906
2.34921e-07	-0.00833183
2.35321e-07	-0.00833183
2.35721e-07	-0.00833183
2.36121e-07	-0.00481665
2.36521e-07	-0.00481665
2.36921e-07	-0.00657424
2.37321e-07	-0.00657424
2.37721e-07	-0.00481665
2.38121e-07	-0.00657424
2.38521e-07	-0.00657424
2.38921e-07	-0.00657424
2.39321e-07	-0.00481665
2.39721e-07	-0.00657424
2.40121e-07	-0.00833183
2.40521e-07	-0.00481665
2.40921e-07	-0.00481665
2.41321e-07	-0.00481665
2.41721e-07	-0.00657424
2.42121e-07	-0.00657424
2.42521e-07	-0.00481665
2.42921e-07	-0.00657424
2.43321e-07	-0.00481665
2.43721e-07	-0.00657424
2.44121e-07	-0.00657424
2.44521e-07	-0.00481665
2.44921e-07	-0.00657424
2.45321e-07	-0.00657424
2.45721e-07	-0.00833183
2.46121e-07	-0.00481665
2.46521e-07	-0.00657424
2.46921e-07	-0.00657424
2.47321e-07	-0.00657424
2.47721e-07	-0.00657424
2.48121e-07	-0.00481665
2.48521e-07	-0.00657424
2.48921e-07	-0.00833183
2.49321e-07	-0.00481665
2.49721e-07	-0.00305906
2.50121e-07	-0.00657424
2.50521e-07	-0.00833183
2.50921e-07	-0.00657424
2.51321e-07	-0.00833183
2.51721e-07	-0.00657424
2.52121e-07	-0.00481665
2.52521e-07	-0.00833183
2.52921e-07	-0.00481665
2.53321e-07	-0.00657424
2.53721e-07	-0.00657424
2.54121e-07	-0.00657424
2.54521e-07	-0.00657424
2.54921e-07	-0.00657424
2.55321e-07	-0.00481665
2.55721e-07	-0.00481665
2.56121e-07	-0.00833183
2.56521e-07	-0.00657424
2.56921e-07	-0.00657424
2.57321e-07	-0.00657424
2.57721e-07	-0.00657424
2.58121e-07	-0.0100894
2.58521e-07	-0.00305906
2.58921e-07	-0.00657424
2.59321e-07	-0.00657424
2.59721e-07	-0.00657424
2.60121e-07	-0.00833183
2.60521e-07	-0.00657424
2.60921e-07	-0.00657424
2.61321e-07	-0.00657424
2.61721e-07	-0.00481665
2.62121e-07	-0.00657424
2.62521e-07	-0.00833183
2.62921e-07	-0.00657424
2.63321e-07	-0.00481665
2.63721e-07	-0.00481665
2.64121e-07	-0.00481665
2.64521e-07	-0.00481665
2.64921e-07	-0.00481665
2.65321e-07	-0.00481665
2.65721e-07	-0.00657424
2.66121e-07	-0.00481665
2.66521e-07	-0.00305906
2.66921e-07	-0.00481665
2.67321e-07	-0.00657424
2.67721e-07	-0.00657424
2.68121e-07	-0.00481665
2.68521e-07	-0.00657424
2.68921e-07	-0.00657424
2.69321e-07	-0.00481665
2.69721e-07	-0.00657424
2.70121e-07	-0.00481665
2.70521e-07	-0.00833183
2.70921e-07	-0.00833183
2.71321e-07	-0.00657424
2.71721e-07	-0.00657424
2.72121e-07	-0.00833183
2.72521e-07	-0.00657424
2.72921e-07	-0.00657424
2.73321e-07	-0.00657424
2.73721e-07	-0.00657424
2.74121e-07	-0.00833183
2.74521e-07	-0.00481665
2.74921e-07	-0.00833183
2.75321e-07	-0.00833183
2.75721e-07	-0.00657424
2.76121e-07	-0.00657424
2.76521e-07	-0.00481665
2.76921e-07	-0.00657424
2.77321e-07	-0.00481665
2.77721e-07	-0.00481665
2.78121e-07	-0.00833183
2.78521e-07	-0.00657424
2.78921e-07	-0.00481665
2.79321e-07	-0.00481665
2.79721e-07	-0.00657424
2.80121e-07	-0.00481665
2.80521e-07	-0.00657424
2.80921e-07	-0.00657424
2.81321e-07	-0.00481665
2.81721e-07	-0.00657424
2.82121e-07	-0.00657424
2.82521e-07	-0.00481665
2.82921e-07	-0.00657424
2.83321e-07	-0.00833183
